22
73621 64342 20805 65993 44643
21172 11990 17922 14467 19686
67154 31719 64255 56594 64853
73986 5136 64544 58259 67631
72982 52890 34479 52947 53556
28366 5526 7383 20169 14846
63602 53455 899 59365 55852
55846 45265 10735 55127 52971
7822 6274 7549 7403 7602
80265 39705 55533 68126 57242
14502 3070 11045 3599 13934
79490 59240 36333 66798 39742
75473 6480 15331 54112 65954
79831 7769 69707 14497 72794
85608 81654 40804 81972 78534
9187 8207 6299 8444 6526
25060 14468 20428 19551 22477
85920 82515 44215 82907 54509
48072 20441 22710 46035 42985
61802 28690 26604 45813 61239
43202 40307 39498 42033 39713
4608 1746 3886 3506 4498
