20
8095 5864 1478 6010 2505
13187 2164 8817 9892 10976
29340 10504 9101 12689 26495
71567 15893 67799 59972 69924
42686 23143 4402 33325 20990
8058 2591 4004 7200 6873
36615 14005 1792 18378 27311
94241 37239 20840 74980 49936
11489 8232 2023 10121 2305
41715 22182 12646 29399 13448
57760 47261 7391 50060 43852
78454 77397 1274 77638 34907
25071 1122 1014 7859 15298
61901 48452 20759 52346 48490
55529 19662 43928 54415 46970
26234 19021 25936 21001 25937
76071 52743 15 71559 21664
41377 36307 27767 38130 36989
77914 63325 44535 70867 67459
31150 25805 8189 27205 25232
