0
908166625
1360165777
1473217168
1670534793
2389141200
3358902575
4056008018
4555685147
4585915272
5088278754
5259920397
5836788772
6933554612
7091840487
8213464237
8994766285
10309707910
11205627396
11246552646
11585162771
12721619585
12875646710
13937035960
14171203878
14637790253
14914109753
15947077748
16300209623
16743444518
17102701518
17462521143
18600924806
18804693306
19265135570
20496125618
21209999743
21411977954
21618698312
21719054607
22137984887
22874247070
23778149347
24645696790
24856271290
25035718899
25068264431
25734929507
26942932045
27541173670
27849254609
29029684538
30118889038
30651585788
31012635059
32039498809
32040641097
32351654347
32372873172
33301683315
34241359475
34456564350
34584058482
35519869300
35625361097
35969454722
36042921536
36177306111
37004611611
38161324772
38192502221
38908462096
39774566322
40610030706
41820809474
42953893250
44043653636
44625954502
45056468398
45093530273
45119072898
45736782633
46948414532
47836358282
48787609925
49199427005
49724893401
49830471512
50261512262
51453780686
51947946686
52513404246
53460807996
53925691746
54759752541
55822461541
56987912562
58104325011
59025712011
59811294129
