0
2688770244888
3593148086948
3673681639565
6956031242893
9590944632427
12538883822963
12992431598275
15194977486620
15657111072332
17444767870892
17481285018020
17898654722564
18333104254804
18336183173617
19262309292237
20298557456012
23243223151852
23831004279104
26978605254318
27708660302230
29003253384804
31261409388644
33676815635196
34898276503012
38178882943581
38965542578501
39030482558387
42013696112251
43570708061039
45306760061359
46228592355823
48616225596837
52136260972113
52696864506049
54546019131777
56721541583627
60071543065387
61850828475739
62736888084459
62802281785153
64643821673473
64903232240225
67155709764705
69330373726785
71055745914265
73370397272000
76217337055966
76889044394966
78717334296342
79304283474466
81921223254226
83333130826946
84265735616051
86646752540706
87339147164730
88373836503706
91527247151978
92583551761745
93354583939607
95382432319863
97366543330448
99375244322784
100617372799199
101542168464564
103907082418068
106017634267243
107587095327315
108321471766467
110755441469033
112970103463625
114084848769465
115795577696951
116406868879194
117114608614626
117835861172667
118487238183211
119349674294643
120129503022343
121148617076617
122883990369732
125343545127196
126268874035636
128418083638246
129569922294502
132858046636062
135204942707692
137496375733884
138526269592892
140726565881852
142861392485372
144370847673980
146631223902575
149479847758191
151254602935101
151756405810901
152756510912789
155300170330695
157591308821855
160458250360119
162511403344034
162679874710874
163960646001050
164121303317221
167048069745140
169094465757820
169962009600590
170822891348558
171659081201967
174474183162615
174995028445919
175534058566009
177602435207121
180560111474825
181961305511119
184425749621719
185735651997887
188098769822371
190854953319339
192957301801523
192957582274760
195589002300928
198320714639604
199674980018222
201730261907202
204819343462325
206109224234261
206565911725005
209631080657343
210707351163775
212422699757343
213849126877263
215108122966687
218152158250431
220900505095333
223259854276402
223815318104777
225398581438088
226748415724608
229712146625702
232053686678302
232727997074038
234375656391023
237173941855127
237173964100391
239205028319679
239661793176559
241177657938571
241328944265826
242778685428540
242996053422625
245822524656689
247776975116569
247840907460087
250948365233727
253656791495397
253740760488669
256968333560069
257643907012973
260015854609377
262619727316969
265598354976825
266623241705678
268980795029143
270667537346187
272250722857259
275407572208745
277179884954135
280357199250297
282059423742616
283351506487591
286291246482266
286872687012930
290164002570316
290472888578484
291506723907054
292963248321301
293824721973797
295081135892453
297206413780501
299756544945533
300830142598411
301159146439838
301625798257975
302763079324597
304367371286543
305843299865218
306372798809524
306917441520380
309813238188650
312511130443002
313489833708690
314752611313557
316959588030957
319205375283053
320915881419458
322577275832818
324215701729058
324721267120644
325689674690484
326674201468012
328904006443616
329933789356086
329939012942236
331077194249060
334038237556436
335093108105508
335203439302340
335933912760114
336334645389082
337507246671992
340014267699960
341522158666976
342481596539618
345545063187673
348190003119177
349030862473201
351944180465841
353939956291596
355759180140244
355823958301142
359163709095510
362108409343814
364601856817246
366617351737814
366642799396790
368954896773280
371931166933096
373747867734066
376151174685122
378948578440906
382095391982702
383215144821566
385716557273886
387170946335231
389477933052071
392095543872318
393503638856930
393876937385930
394906543943610
396726371163064
398014119397219
399178348491618
401705073039106
403544141354228
405080355612653
408276324348277
409266139202331
411031421691711
413063868385463
414942747006719
417060526128254
418974891868510
420351973935310
421313892716843
421560118687923
424151045098955
426883470284755
428763240701187
428966184010987
431082321618507
433952779149459
436015967591379
439326787866091
440452304987195
442754045798565
443067892473516
446273602611724
446906249776620
448279711349358
449163162909322
451829849617074
453375178624909
455942301957877
458914592607788
461781986076692
464504430722107
465358210613725
466682646967485
468558263108989
470425604063645
471935354630153
473197366281001
475439650396305
477785410265065
477881241342923
478094385329643
481154119903551
483622109559503
486705078808904
488317889466704
490505657808880
491041019644832
493101635730513
495861378452707
496159568201053
499222637501778
499574999355458
502742231382538
502948954013030
503918001075238
505084071223063
508384495395687
508500360350647
509685569187587
512384288106048
514547710606712
517642679885102
520313412589982
520892918947632
521007881610480
523452668030440
526575472273184
527749728611925
529784061389205
531386234824229
534184253051097
536418052362217
536552014241385
536699934580745
538490125607160
540625674576656
542645617838383
543920445271871
545425224888984
548240347694952
551303605578616
554291710449640
556502941109696
558908288242272
560840009904514
563771138270074
564990997269718
566605501599782
569717287308902
571516081533742
572142699683398
575106782344388
576433529844600
577993648032248
578121730585224
579701107120456
580008708041568
581346422969571
584442053018322
584672990257386
585831636782998
585838530127766
587550026600056
588461804144715
590344686098219
592858622848457
595289167294585
598048319508697
600118791391377
600565354164049
601082586254266
602018901057756
603060796102201
604428144011225
605860291420578
608790394837394
610209257415626
612749613161434
613270501950690
615424551250574
617544246238870
619401566122590
619515433820150
619744543547702
620616090003274
620973813679508
623498076751100
624730787835556
627758229012852
628345134554395
631176583987570
633324842535842
634615904291306
636637268147714
637422910787418
639684936056634
641588840550303
643239195420647
646091556203395
648369062261605
649131834720632
649305992204839
652075333965199
652846124455423
654421009482023
657190214371879
660399978550535
662235934972315
663391500717067
664557958074771
667392207463346
668660705075258
670021671844666
671797689938461
673915586572469
674995915497965
675883039196213
676678202583277
677594545862612
678378288942404
678581851617238
680332236034768
681745893260576
683808740615176
684587770213108
685923434779260
687849513183940
689086774264692
691781878067613
693808575789948
693957990170226
694025096444842
694162351103872
696701667445104
698742248059640
700774533253516
700816139322540
703840553900092
704182185511182
706916244482910
709753776571958
710069490982824
713114058313208
715404868298380
716126954599617
716608208403156
719830864946218
720896774615818
722533958508971
724870967609691
727161677823771
729544156464403
730587950298563
731448305862451
734313736707299
734659606944607
735065769522310
738173225284655
739286296235970
740211328787034
741095319039898
742818116689338
744599148737224
746399117910578
748446321316602
751514380748290
753462055295570
754698764753418
754845432595228
757343913175084
759775864627680
760822367310592
763878166653216
766392044050921
768554414082007
768916208852824
771360705694680
774407820903812
775526463699900
775873543662300
777648650833841
780759939782271
781490196605721
784646798991773
786564821351732
787989306808294
789784754823398
791003995077478
791669215689798
794803528638038
796611132992510
799222891545140
801334895692364
804049221407300
805477990399115
805841371924811
807335251317409
810167371533584
811701292799920
812887954174665
815522275782201
818223376846657
821392620094817
822954550799705
823761888592081
823993465335329
824704288429473
825701686949517
827316624238219
827910283234499
830049476007854
833094076265126
835229765382862
835408283683482
835936491034744
837613164127233
840675471986503
843847499999441
845720448356417
848911924206442
850652644755247
851760126031437
852457733100331
855449706835692
855685697082624
858176956327498
859297034404634
859839439104010
862152142633194
862200010587612
862835037553000
863628407950248
863943711732464
864603419003290
867768089637042
869494621809958
869498136879606
871709203679550
874041001631880
876709514888197
876910867715813
876978445439289
878194970489161
878913924791377
880247908046405
881975435142557
884490572872251
886952958709041
889197366036849
891370851108739
894177449473378
896951101343378
897763634508438
899593694995489
900981741563713
901265933087263
901523208677879
903405725784439
905762854747795
908491896663803
910868273174171
912106482385476
914958729301292
917293050438222
919447184541206
920731013701889
922348343588589
925111016661861
925509752496405
926170170909219
927318047283778
929227761296276
931756287677780
933282547009580
935199968889124
936113509062604
936673527124260
939466696719596
940689657240244
941240123220724
943502860453139
946425986251635
947179856557155
948830661353363
949566191091745
950301819737217
952798741427995
954447048036683
956134715364339
957843079417353
960346332474278
961343584338012
961409033230324
961842614363308
962272440757723
962469314966891
964752176376987
966198524316519
966477537663374
967221657840966
969893104048958
972453893835450
973842170405606
976292091394499
978909776718795
979623762053979
982415789137659
983913266451555
984981777923773
987946724977557
988234120629989
989274623576941
989910283626445
992650713415125
992974900010825
993375382200521
994064520271449
994203664166901
995163915524541
998078150919861
998271634446877
999526225753525
1001400145305913
1002617709383664
1003901144695480
1005097799497185
1006718261578673
1008971186560633
1009195712241518
1010911569318358
1012076518262418
1013127834987554
1015749374798690
1018439729978034
1019345195234898
1020666331330930
1021149690320724
1021364937213068
1022733293184332
1022754869337172
1023743957618212
1023800765219753
1025452388365097
1028280199755809
1031340807017575
1034579988985540
1037397406224797
1038101235320389
1038466332464603
1041554254928155
1043033558379379
1043915971476315
1045194586304035
1046050820371570
1047830862203854
1048846817012258
1049597639649946
1051654408436828
1054438415146958
1056910101219150
1057107393614318
1059474598472334
1062278224220254
1063611306216923
1063961061540787
1066104373579235
1066642212998131
1069026769495201
1070757322143291
1072213941191060
1072989037375716
1075331534138764
1075775769877820
1075848154733875
1076301437440197
1077046982851892
1078732581686780
1079046713879964
1079561972813628
1079845456432804
1081714504826852
1084082949023163
1084891689887619
1086333598168419
1088194239794329
1088751386707561
1091061098854136
1094082821985504
1094977994243848
1095245550005618
1095321026348455
1095859971302615
1097992172503420
1098730129713483
1099091382884613
1100823893513457
1103096475627387
1103487298295887
1104008011230639
1105594961539831
1107922425329471
1110092881009456
1113076637131360
1115906147918336
1117668267994816
1117678957423632
1120318261334632
1122227148586344
1123409622920319
1125755674187335
1125883209865191
1128787383016433
1129113131734681
1130008827114502
1133008260798841
1134461213165601
1137162444742785
1138582315297415
1139306929039911
1140757041176593
1142393135453262
1143121447094748
1145781426393946
1146416096918930
1148812822466586
1148967809853529
1150176495393012
1153423474682654
1154507492773084
1154642460661332
1156285321071917
1158768607672532
1161013596966804
1161335707810060
1161926920900275
1162203340543534
1163451245499515
1165721257700523
1169066472093563
1171380600450015
1171649060546143
1172463962671831
1173775857296476
1175859399228388
1177951201614484
1179268251060478
1179304303097683
1180699036824051
1183576935757466
1185093205001706
1187243917304642
1189798125065578
1191747217811570
1193930010595060
1196647943816972
1197234096699400
1198605514385885
1198856544836573
1199634646024101
1202403755851178
1205134687373650
1205594344496450
1205775677825055
1207057114180935
1209930823936885
1211971775486375
1214890519229391
1216917686121526
1219550893531326
1221822228130718
1222622539829518
1223979092753473
1224384913099497
1227059313162409
1227651954455809
1229396289753234
1232188303206690
1233309415580914
1234682748014496
1237057573474088
1238695267112440
1238741571655010
1239700249941354
1239779879350922
1243012950156062
1244474563027670
1246020462481526
1247551605278857
1247582641293777
1249231133846407
1252122071363255
1255462463841352
1258586744464129
1258804605631385
1261883575472793
1263672208759948
1264054906933460
1266884736484468
1269129721776021
1270871210226517
1273594053087933
1276085083285271
1277100488644855
1278036649167900
1278922345285888
1279656943439248
1279845738540916
1281325590262428
1281839184871668
1284040304692033
1286054163060507
1288745551985259
1288811787610429
1290354140647173
1292139975871324
1292696804625659
1293807408174099
1293862453236267
1296024716260235
1296912080211313
1297661119748658
1299867584240394
1302943046934914
1303597844590248
1304612064640336
1306060721866088
1306219802449390
1308821098306214
1311974737710645
1315093002153149
1317973744507427
1319418338710197
1321968363330773
1324923141632349
1327112967186639
1328455046409015
1329251663097476
1331044803363096
1332204715200664
1333844524718480
1335442700252105
1338824951244471
1341165608867694
1341921283306174
1344156909969838
1347272878881658
1348343119593394
1348644821039679
1349862504724369
1350797926841940
1353774121209916
1354124709279836
1355493880909313
1357636059552073
1360585367653758
1363103283066446
1365014921157171
1366372087899099
1367952841968971
1370747305467938
1373397901375050
1375533329016066
1376991046298901
1377088793199125
1378987398051893
1379641678505534
1380764487047806
1383884296978622
1384135411154508
1384737621433877
1385601582832727
1387926415685212
1389245999858708
1392208726679000
1394997922378504
1395491112080896
1395616420528391
1395879856730507
1395916393315139
1397355520000161
1397521822086273
1400058210480506
1402469468001985
1403715902106729
1404360884635553
1406544380138393
1408633742986177
1408684794707419
1410407174097876
1413500532538076
1415271837587931
1417455527165059
1418931474211995
1421682759300113
1422583187756428
1423532891515476
1423727643941308
1426566155627068
1428343968368828
1431515951135129
1434550864118369
1435746747361704
1438502587262160
1438718865089041
1440281452942810
1443421482018674
1443572232031752
1446598763442632
1446946025541336
1448733963501346
1449095239285634
1449963757805042
1452780524565652
1454460934064532
1455336523193412
1455666131518721
1458283338518561
1459683285708177
1460934613239587
1462659353093387
1463268484957907
1466299811691854
1469323246052206
1469994271294982
1472412293544582
1475791785696892
1476031518006572
1476301064060196
1477843764898412
1480149157410628
1482834307210596
1486262610017525
1486646112462932
1488807723200172
1490221968069140
1491995083116528
1495029763129600
1497156864102806
1500183937486822
1501903265880517
1503916445133461
1506966607741346
1510364744913621
1510764354470983
1511076438504853
1511133642032005
1513615088139915
1513820874261987
1516632581533052
1517334294335589
1519621688241210
1521667276495865
1524825378248793
1527308673282249
1527951298229216
1529990455428896
1532823682459384
1533041740040428
1535652266306363
1536404521450410
1537538214416743
1538863959256623
1539569198950683
1539574131650803
1540287881914293
1542951141619920
1542975639398944
1544241658244706
1544313154229596
1546220528813612
1546850106824356
1547819014913221
1547828253548789
1550847695402181
1551343943508221
1551961666818813
1553811370558278
1555717396591110
1557200719486590
1559969352308652
1560535356723980
1563812130306188
1565945807761933
1567866599255405
1570707814320205
1573456556493195
1575640170616931
1576754904980496
1576914799418599
1577315296368517
1578604718329959
1581354115426599
1583843733499431
1587298248473066
1588782628681588
1588859485468732
1591280347655044
1593065497641060
1595149064295311
1595707070083486
1598195855753718
1598830314917926
1599068852772172
1601764494126820
1604606029610734
1604639694751254
1607788257136338
1609204941212398
1609845393798398
1610213162774230
1610446782186868
1612228925959804
1612404511734546
1613959305429341
1616064642812472
1618769136792488
1619315919769008
1619952930964464
1620318513487024
1622190780185674
1623605603333659
1624485767614424
1626598450978854
1628525907801002
1631677452610437
1633649354679917
1635992393811013
1637832606411723
1640832418075995
1641209089061607
1642762066026014
1643090890410974
1646491626300294
1649826492560198
1651634029460958
1652026929460334
1654385161885775
1656802059508567
1657508706849802
1657619825851018
1659221495407314
1660703396422618
1661511985129058
1662712597341089
1664410887321245
1666755749138405
1669065333490443
1671441650519441
1671467010566537
1673761341142238
1675196794792693
1675349543726984
1676640143134696
1678725829744920
1679657471065768
1680253331458136
1682271081093335
1684407625429351
1686611124378175
1688701375610935
1691481867086620
1694577281762516
1695693903567652
1696112915985492
1698888701908006
1699947669439918
1702761825391833
1703646476329039
1704803057884439
1706882752865327
1707612251008285
1709633893058625
1711287479948401
1711574057546377
1712993654356113
1713420374178945
1714728404547945
1716881987378135
1718729662222031
1721592778492799
1721767578468145
1721942306037737
1725464208261313
1725505471109794
1726657514813396
1729091307565212
1731034849342675
1733551688757379
1734579070776234
1735438288292754
1735659879842055
1737142822698670
1740210918805814
1741968534083006
1742435466499671
1744200219763127
1746187515210751
1746449209784946
1747013753660585
1749356169950908
1751820189945140
1754947549517548
1758134962468413
1759723204854125
1762570658495013
1765025777554758
1766993825813862
1769796235323254
1770606458951919
1770891109078279
1773316621303214
1776288017134934
1776447155496949
1777745244323731
1779650712644455
1780303937632359
1782628952260119
1784618059672127
1785517661320018
1786718995097630
1787280692098945
1788530797949121
1791656225514161
1794095128815665
1794145117627065
1796732711499801
1797728248284445
1799484936913140
1800931374714852
1802155518264291
1803169604182219
1803954647461283
1805828232435810
1807452466788045
1809326783675136
1810054128318648
1811467334066874
1812319857687642
1813635508279227
1815958641678379
1817616175451299
1820475005654103
1822017452220439
1822730942125855
1824984900693485
1825524057336613
1826804797361373
1828510961385839
1831101992884023
1833122729566349
1833722273875925
1834568411750730
1837041319258842
1838053722099570
1840945749670250
1841310336533625
1843610953048873
1845607627147945
1847771690605050
1848104962547200
1849921090781067
1850155146279177
1852489123557377
1854276239305293
1857384618790781
1858060887626822
1860333248194992
1862199696744320
1865395795931417
1865905162464365
1867908799669517
1869041155506805
1870181838552318
1873271790176624
1874960817504409
1875771302803425
1875881581043401
1879230796265391
1881299150904260
1882273427603458
1884290048148848
1887567768386942
1888723880673934
1889292811738723
1891160963537867
1891913018669843
1894481635494155
1894606198638576
1894673558974824
1895614982720754
1896415550742884
1897588611228624
1899992669298352
1902669439346344
1903796932189977
1907209197154934
1907945387434350
1909975303038770
1911976676354710
1914960599046976
1915754799681951
1917509009941503
1919168976914527
1919748822106827
1920891898838339
1922431225346400
1922528168386472
1923753150267288
1925510547125360
1926434794292456
1928276454771808
1929139820780588
1932026459555126
1933288630465236
1935173226585342
1935207603076894
1936512102740324
1936673677859663
1938060357477439
1938689280857831
1940645836522579
1942090083659299
1944414019879762
1945687414603474
1945950938005706
1947614876892558
1949137032701326
1952486478067729
1955182279480539
1955296396797694
1955574270482186
1956880158021087
1959737592688359
1961681191637858
1964037045148666
1965662491441034
1966188283661504
1968681192023232
1970924502918478
1971057769222418
1972788164050010
1974929088978362
1978004289552602
1978842730090788
1979732201091173
1981849287214597
1984468202161501
1985017703424503
1986595132201751
1989536220732991
1990143046467836
1991510688036717
1992337112968141
1994668059570817
1995456295440281
1996357009462159
1998466095567284
1999078753603572
2001156127508874
2004182684282786
2007610443352101
2008659556753740
2011350785479772
2012846403058230
2013999696338830
2016469698760422
2019446486145702
2019912935835507
2022452165703275
2023091810075451
2023598815544916
2026932115623529
2028034492284972
2031063963803828
2031588651702652
2034423011050040
2037710754917175
2038638057885111
2039396728672866
2039478782836722
2040446587748618
2043871210883738
2044661219535247
2047442738803247
2047879291135327
2049386698641743
2052511950549951
2054062768883967
2054143636115815
2054935752959025
2056968089231553
2059479737294945
2059905851093925
2060712065464573
2063285972708322
2066353358621944
2066952087676952
2068044240242192
2068451634720120
2069568514062325
2071060721341635
2074408174287961
2075512093611473
2077301798485023
2080279667066790
2081631592659398
2083553327275445
2086635439967440
2087737359367439
2089286448669743
2092364972025541
2093367898432991
2096088096581755
2096843693057550
2099036002134805
2100512057382865
2101451777889977
2102501100135208
2103365338400192
2106422718708290
2108595178049870
2110235024689278
2112600113763982
2115503886677067
2116117836092467
2118115530478077
2119103527854037
2119505632748685
2119588753600235
2119977920530371
2122835728910899
2125433566707755
2126722225267043
2129517914701659
2132810944644884
2134227585715436
2136295903340176
2139141635339562
2141295310520302
2143366770140913
2143531637222889
2146393386516819
2147203777938959
2149279084164415
2150392762822840
2152387331709095
2155499137204995
2158052339247187
2159184704991587
2161574587569348
2162155538345008
2165172489487776
2166089234945088
2166239150780488
2168630898714773
2169564752519174
2169571143985365
2169729180827741
2169896276374421
2173045903107861
2176344228317350
2177636945616846
2180872872304851
2184201594345514
2186665404206334
2188638324322270
2188926259235182
2191084787177522
2194077521353008
2197086940981664
2197372857727634
2200024407914803
2201476126711415
2203421034663215
2204574179150975
2205573769524735
2206759647024025
2207141299172713
2208043376417221
2208908081289932
2210679014613868
2212161806248643
2214310671239323
2216945026901907
2217804904067167
2217969340243303
2219313001902264
2222351448151069
2224718780141181
2226764069862562
2229550541948927
2232888030205243
2235660521929719
2237152631913169
2238810909625561
2241529100600339
2242997616631707
2245149026087869
2245352431787549
2246679456612125
2247215900702221
2249073368989966
2249214953203294
2252118946366310
2253535140536790
2253558446112222
2254086054086855
2256484454423927
2256909881464127
2257430054264857
2259050707461777
2261308597311801
2263781948782856
2266466649749496
2266509121148008
2268198863976518
2269445224920086
2272002177082851
2272210388584827
2272837829016720
2274536082307368
2277384984044176
2280378730263127
2281909879431050
2283921417253498
2285574728395330
2286859225343880
2288979085486186
2292117617673210
2295152467539123
2296048232507091
2298325732339941
2301257182235466
2301555045587122
2302882407116169
2304024040495161
2306191432206281
2308103324763971
2308835125429235
2309259942974315
2310659576686880
2311152208845141
2312230065447101
2313763552183036
2314658318336685
2316861363056176
2320226685126468
2322606529426324
2323965601636974
2325474026184758
2326409921721798
2327554437898558
2330345913886334
2331975960333150
2334053239537586
2336695127262978
2338209632372658
2339123355906293
2340779382390789
2341560865943087
2344069313893463
2344804180241223
2346829245094579
2347190908458235
2347936335877388
2349301168846558
2352401321014998
2354656935930382
2357268858361742
2357389757412766
2359542795282006
2360581023920430
2362220566365743
2364812654248907
2366209829341468
2369377464277156
2371659644335941
2374716360035555
2377176636542820
2377761200510500
2379755775191149
2381235525747477
2384262131405983
2387605142270335
2388435541605705
2389807133385993
2389923612713468
2392594263367444
2394944628406070
2396616531127286
2397012865491842
2399813977740306
2402254746314920
2403996054137570
2405283006806122
2406863726605570
2409331403802190
2411615989056150
2412533540662890
2413949067222252
2415800394879004
2416673291785699
2417833773651604
2420616605954372
2423167993357332
2425288106428991
2425476711332108
2428683446739918
2429312008288758
2431307213816598
2432316385251046
2435195821212590
2437310817030684
2440616653087172
2443022140884912
2445699773081822
2446407853024158
2446625560079630
2447274320135422
2448710932776310
2451213402596590
2453862795988620
2456749243381185
2457003540147369
2459630715678217
2461374951510642
2464245381997810
2465312878240070
2467942973488462
2468873771955467
2471537735038960
2473263884082544
2474608681407200
2475414164222496
2477973861060297
2481161633833537
2482685655839449
2483209179905681
2484397691968425
2486203735951344
2489090145091776
2490684847922646
2492419922266498
2495293948272530
2495488363741754
2497894211166290
2498683397217548
2498772554043616
2499225390731321
2501016346447227
2501761120713745
2503507101892878
2503759720323159
2505531504261908
2508794640942943
2511794863211303
2514766692451958
2517347847334065
2519999314486521
2521600300670153
2522695643205803
2523512090874795
2526694531192603
2529897018060293
2530785005369733
2532475818141873
2533533487394491
2536765907425851
2538842554984416
2542001929807295
2543849934424832
2544642090091842
2545036085218586
2547222563068794
2550133280135799
2552892188600687
2554472375703906
2555567676620781
2557967990906933
2559809936813384
2561302016486784
2562428717134904
2565222240885614
2568596062500885
2569728605622989
2571492606764902
2573371818162670
2574103231207605
2576476058731185
2576515596758038
2579012380207597
2579686435582765
2581298638917919
2582750181070144
2584487241452043
2586197951046563
2587548937859153
2589053195830017
2589329842250897
2589894425959487
2592604630763870
2594851500124102
2595484725110397
2597336923529882
2600247065028047
2601664050889935
2601963954026663
2602707379889788
2603669290358197
2606498130230845
2608144693405609
2608872780070721
2611409167600905
2614034119671195
2614395459643491
2615766253086483
2616959099168641
2617095149116169
2617275916584195
2620279243260140
2620780835872556
2622986957865852
2624159061104082
2626125441209834
2628149355858799
2630339529740647
2630811854972692
2634120016542097
2634154449098073
2635083559891129
2636808484127860
2638583069954869
2639386728104761
2639462751922578
2642492701310638
2643841360914735
2644115117681975
2646688673817663
2648254466292778
2650168083606562
2652235000382994
2654951849344297
2656601314680993
2657935942457849
2658239243732114
2659761128267585
2660874237400570
2662004307154946
2662908460448906
2666133519086696
2666484493224751
2669635006691479
2672441152258282
2672547762403962
2673886295316914
2674795621963494
2677305227703454
2679357333163932
2680201982476632
2681987570029760
2682431723168980
2683256014831892
2686023071252900
2688804999999912
2688960856262848
2691448969816376
2693387966642021
2696226764830239
2698090739596471
2699653899426635
2702102569527195
2702392109796799
2703455816651951
2705645871364207
2706814400647720
2707893995005808
2709914685549312
2712842660855452
2714437618485364
2716141305012100
2716680514717310
2718311475271150
2720804058563830
2720910569798605
2721462523483677
2722704281984650
2723894341290674
2725365220396746
2727338508899522
2729590988852957
2729619791982837
2729649056816512
2732858748287498
2735770538855217
2737001808896823
2739381882710575
2740866855649705
2743026767284986
2746095979368002
2746749179864742
2749066793344328
2750293644193806
2753501680822196
2754358642293218
2755979156864914
2757991992199479
2758004122507434
2760309690891266
2762155878557236
2762277018506316
2763868891141684
2765386005761300
2765448752071860
2766391370686526
2768449820852918
2768966436449006
2770889422304126
2773627297338590
2774830865578550
2776557278332359
2777410098346399
2779472553157727
2779820957177787
2782741741116115
2786061253618740
2787976713325492
2789577841318836
2792015860057871
2793352524035327
2794758175801879
2797924806514564
2799084475782348
2800616436850172
2803080558293747
2804693942842963
2805481030983819
2807925064244554
2808854948806658
2811105853185120
2812829652379112
2814695740050568
2817452986731046
2817900216584726
2820937319844454
2823253410736054
2825670115537785
2827998363824641
2828090649660257
2829594791158857
2830224487534097
2832110355426467
2834630772227822
2836409699079302
2837708441573678
2837757908712862
2840732299809572
2843204769992995
2843574274078907
2845914665816635
2846471672514963
2847201716547444
2847577012726548
2849708927637740
2851918444458660
2853464738132964
2855922450511658
2858899321732883
2859187062284339
2861293083296539
2861497516526483
2864108664679775
2865671446955727
2868298906007991
2868350438492795
2868781806083555
2869369929239235
2870024267280051
2871318974295878
2873483562599198
2875916626526921
2878733066292346
2879908282379258
2882967007155588
2883191497455853
2885175817271411
2886722580520937
2889438378993460
2892368870482264
2894868394097320
2897781432756764
2899489915383956
2902551847349571
2904510403070875
2907435894830096
2907881114053721
2909523231829965
2912395694788389
2913376079813244
2914455807099409
2914511814997465
2917370230313409
2919924879554121
2922474611063345
2924524420688890
2924613866695522
2927611296541680
2927655943817256
2929521950031544
2930502376953425
2932912794912811
2934473758328187
2937175669887999
2939998138271927
2942314011679439
2944909067826465
2947269007332801
2949751273279217
2952550524051113
2953275549684825
2955693754771633
2956335931027145
2957129173265417
2957741993830961
2959159724232297
2960548797049930
2962225907894900
2963174089186644
2963987751977292
2964264202621652
2965758358953112
2968349483227072
2969511992870824
2972676353404160
2975640663013992
2978860350792604
2980242491693544
2981252368298728
2983716032717440
2984833537082144
2986628998824644
2989162680948927
2990530547565407
2993147084987905
2995506723292301
2997213091662741
3000299837798213
3002276309228501
3003508568444598
3003585581142547
3004442321574123
3006374546115173
3009327160887909
3010620477183957
3012301043168145
3014433076475716
3015458741391068
3016424851545332
3017136416004692
3017942193331002
3021282773212826
3024458150649058
3024700659719666
3026696199305146
3029857409297842
3032211530958287
3034088065426304
3037065224747468
3039555722050708
3041994514269476
3042312276477642
3044051508582142
3046680487854662
3047945551158617
3050440370551593
3053288566198581
3054149609440266
3055951378299962
3058459574306570
3061291296877222
3061379739667574
3061561652956265
3063272683532358
3063378035328374
3066378124704909
3069319413842344
3072026239180384
3072399531348699
3073934077877203
3074490504311563
3074989225545771
3076147728039715
3078529452720060
3080787588451175
3082863149171084
3083917616373689
3086034531043713
3088023809607218
3089837211878482
3092620962073746
3093094149473698
3093657254442770
3093917201967530
3095274788908034
3097692674052455
3099780617505735
3100664392584087
3102168775936591
3104102770507047
3107517563996113
3108924797993073
3111723598684867
3113903193617387
3116884097524088
3118570844483329
3119090762863167
3119620053100967
3121013642519263
3121511262823857
3123746742585705
3125842700790177
3127369637463802
3128477115003954
3131488869421574
3133553166372634
3135426817892386
3137576827431799
3139414266356943
3142467933746999
3145462326321605
3146573699599208
3147903369178383
3149724626048633
3151755777728582
3151928786490006
3152792929786054
3155751664290861
3156737677925661
3157607906364171
3159742419934059
3161109864893045
3163860426278752
3166591439705640
3168431548169195
3169929501243547
3170656522043603
3172267726798003
3173203409738419
3173613287445219
3174932069377819
3175139526909955
3178299711497515
3178784345877541
3180196740441037
3183004416834702
3185894376195806
3186069878369065
3188818888325361
3188921283111599
3191568884128822
3191597779372658
3192962024816042
3195486127953717
3197874732401237
3198754851715678
3199609354995718
3200248464421666
3200857370787514
3201589918510230
3201660402244614
3203113257150624
3204165868381079
3206754617288993
3209238472853410
3210299784457345
3211626698655577
3212005540408993
3212572696000248
3214897095400040
3218105841514570
3220970349934778
3223721782369612
3224951799966222
3224963990632174
3226204127855470
3229387145610418
3232087195666473
3232388207477913
3233538357672625
3235879694143625
3238481953413193
3240196039173723
3240744437165131
3243410153441101
3245217964387309
3247535618231314
3248147727968202
3249742515881826
3249752233662330
3250482123906460
3253106553017404
3255057719762059
3257954347406283
3258932135149619
3262243749878947
3265318767977957
3267208599150917
3268734112454689
3269681234332401
3271874333061353
3274686889326113
3276445059496967
3276961016402392
3277753166335752
3280433562182296
3280632815271796
3282581392920284
3283479538670909
3284755356466925
3287329876707205
3289710957120510
3290795323087022
3291613322058062
3294359898605990
3296454998887880
3298114250243376
3300210783947904
3300248916670934
3300466483865334
3300716271220681
3303331302490549
3304441715013335
3305683383194605
3305992196180053
3306069971084317
3306919796207882
3309384414029482
3312254289168346
3315058275657848
3316036138193469
3317958387079925
3320213479848095
3322197118645870
3322442257034814
3323021900547830
3325646586951046
3328503515565036
3331176558244180
3334249316980196
3334967861664986
3335622467418170
3336854069244434
3336881606743148
3337621046649894
3337798275688654
3340909613780737
3343609193895777
3344635094196585
3347293537302750
3348910357796574
3349418757252866
3351772376647104
3352185204794287
3352844059457622
3354449022990577
3356251072067387
3357339212955467
3358560369579043
3359375647151251
3362592007420563
3365715997707235
3368513345296035
3369434240377972
3371214291608972
3373143068837276
3374959006412252
3375949323597980
3377737466281508
3378510715842596
3379225856256801
3381839063639841
3382300302543393
3382592197062017
3384185242607812
3386848611268804
3388369710591628
3390589592836813
3390996446945578
3392650391851983
3395854311595524
3396221811540103
3398963897167383
3401855216995369
3401985712093305
3402387371978866
3403643176211354
3404312036050762
3405429240715018
3407029714662730
3410257438227235
3412764470944928
3413646848745840
3416605499038416
3418532744220431
3420725368050431
3423496402420491
3423904044191091
3426653350122147
3427554018666252
3430256772065605
3431816716882850
3434438704687275
3437768534993920
3438208410085968
3438410171194688
3441504289107072
3443555063341094
3446111274097375
3447804052434815
3450890752933955
3452538343791464
3455287007071344
3456207301057872
3459096749136864
3460700600518704
3461406783993576
3461906147459264
3463670630443901
3464806454670653
3466640739029677
3468291954475557
3470350965405908
3470970600413869
3471613305016399
3473821932144703
3476606672169197
3478655208660541
3481834287035909
3481941244557437
3484716093496358
3485439492907942
3488509197904870
3491243463345262
3493106430244118
3494730947457613
3495753347731075
3498151632800963
3499312678230243
3499506781222591
3502360318884821
3505216284140443
3506181719665067
3508280398991459
3510311745352514
3510784015722482
3511800435734105
3513727320524938
3516759007262874
3518391263022569
3520647834116163
3522720531630587
3525315620583857
3525583924215385
3526931640648161
3529645581622061
3530572115803126
3533116346438768
3536005695531976
3538458169711136
3541378946649391
3543487030144688
3545388515554024
3546882323790254
3549243339102444
3551414984304956
3552498553993672
3553943263031690
3554945818575150
3557931800930605
3559057721009949
3561577647464445
3561714806157365
3564057104348560
3566960773719140
3569365975855667
3569687575023903
3571647653188763
3574668356065681
3575150626379225
3578304351803551
3581280627375473
3584228889153105
3585930314373930
3588374030198241
3589368822773831
3590399058778680
3590999432403800
3594227917992645
3595227384694429
3596589765550861
3597637509168262
3598021119920005
3601198284031302
3603533013391838
3603824811068182
3603896672919705
3606366591273960
3607715448163680
3607725799200346
3610803302380955
3613228476975219
3614077788718702
3614948640796046
3615027490303478
3616652580127018
3618008947606345
3618345990698441
3619697413110836
3622851883326980
3624331666823960
3624727415537322
3627000328047954
3628791040489654
3628886533982582
3628918630842246
3631335926378382
3633177011608950
3634664766223270
3635693695600976
3635933327681976
3638260053760630
3641054049268338
3641155472313818
3642071715315522
3642744388637026
3642851761711921
3643346464024953
3645667476653200
3645678999469192
3645927210557226
3646237576977970
3648111280861113
3648524333629149
3650964215198604
3653329401464292
3653968934836418
3656285448264482
3656469247131822
3657647949046673
3657932124515097
3659329913613297
3661906825707049
3664787941017316
3665884965054644
3668234999608476
3670635511238412
3671781523477157
3672485119486037
3673193838900229
3675953051826259
3676964500105171
3677965030485966
3678917049701110
3680690565706350
3681000006153478
3681449897075070
3683364506933766
3683894783734460
3686934205680924
3689545363353516
3692648059253748
3695516200782691
3695607345941867
3696148043901812
3696248332465877
3697249410270961
3697864163074737
3700257017325969
3703285716874017
3704442840187233
3707249975985217
3708214584519233
3708639970180049
3711593972931300
3712413860017020
3713244260240582
3716318771541366
3717690694498150
3720651030767142
3723204950717902
3725970339006722
3727055591358994
3729330748024562
3731793046641498
3734913096208882
3736154176933224
3737168216257208
3738784959738728
3740656052688186
3740669279369354
3741334237360634
3743900722768906
3744732870621106
3747605286432442
3750607837069402
3753366873975306
3753557706935122
3755132034769746
3756615366849474
3759516982517006
3762402365706230
3763072105910422
3765902295177352
3767757577270792
3770116425146288
3771649046310784
3773249270847960
3774414856082760
3775117358950752
3776585882232810
3779512149660960
3780036540704992
3780732203575190
3782925061184696
3783901361331128
3786890213520976
3787647813731211
3790863630267763
3791514623765148
3793313614141116
3794131000275132
3797506524386542
3800073301107243
3802219446407067
3803423244962357
3806209355075914
3807414150671906
3808482942057106
3808984070949610
3809120606903338
3812187376527848
3814475164094736
3816137727954736
3817178227522832
3819097719524696
3821439615128361
3824290898945523
3826035303392195
3827618315354663
3827890070130191
3828705483917463
3831824894958473
3834007372994321
3834531121377776
3835187402884440
3837344239602392
3838823992012517
3841668488509903
3844388013914279
3845886543634375
3848331218130663
3848393174416415
3850356331888010
3851625386966741
3854143938974477
3854809631119731
3855183616067427
3857350003253993
3859132499212841
3860392684952113
3863802052812583
3864968531443879
3867715584208655
3869225972049205
3872314270050805
3873591907440701
3874377477473091
3877066515512395
3877391386235489
3877752824573464
3879383822125824
3882462491390924
3885652424742332
3888037135282382
3888147969186416
3888850085629289
3890288268748295
3892475503869565
3892538518605289
3893381183148641
3896039087512794
3899190423961986
3900974488858944
3901793557947292
3901896357799236
3904957816505862
3905949288276174
3906913996685641
3909830347485661
3911588480599581
3913118464613157
3914043969118547
3916440379842899
3918348418743931
3919716647001539
3922118577953132
3923649017856164
3924577608244250
3926485748356618
3927831457629952
3928604070929312
3929515020597560
3931944179767626
3932815216232466
3934629578931978
3936000279729314
3938805013817514
3938917948786487
3940861820850005
3944020888705237
3945430204432993
3947976865191969
3950490225908164
3953396221214664
3956464838035485
3959131895061757
3962370562241472
3963179747175344
3965392887625402
3966452069071920
3968723540836190
3969133673932774
3970920059255474
3973268924020202
3975136659052828
3975344575829864
3978484932780561
3981256219422089
3982415467132377
3985407521414649
3987602908229259
3989831750372180
3990139774768660
3990511034736376
3991051697775656
3992191444901786
3995515898695601
3998369807073161
4000875817266169
4003533634950570
4003818865699858
4004762692235158
4007767721049710
4007983231372542
4009657342561842
4011094777298050
4012987809176046
4013526830157061
4013670794208525
4016137313959173
4016913788630849
4019615197544529
4019656042023107
4019719208528880
4022773262079800
4023780383174100
4024355055052972
4024567584152399
4026242661344437
4026426277974252
4028744464764795
4029374178637880
4031423242494154
4031993139235834
4034883191030941
4036252165208245
4038210370472267
4040703270668992
4042419609992160
4043633741414840
4043905487765064
4045559445681024
4047158054537516
4047355838318156
4047508536061284
4048144777499243
4050714392218235
4053881263209335
4056210226165039
4057408794758839
4058595934419513
4059309504487006
4059414730419486
4062253199994086
4064680694958974
4067445177329102
4070536169851522
4072413485966523
4073579228745203
4073887693181969
4077031978631161
4077039078489201
4078623820213378
4079782697220546
4080585341914310
4083423169047966
4086186818343726
4086723812858557
4087250336740349
4089935837833957
4092389493860433
4095795582886734
4097013820227086
4098666925431606
4100422333703698
4103239818125098
4104688322300562
4107456916486469
4109110814601488
4111777763924376
4113795739945696
4114900183857262
4117127482874334
4119873155252569
4122700103832794
4122745355581626
4123555605067786
4124912899067294
4127694331718358
4130218564532208
4132405838837736
4133977183042992
4136550230086452
4137759559316476
4139269797428672
4140847660836582
4143896535917726
4144739265617446
4146054109006798
4149254295886510
4150733040284421
4152665251609602
4155327144575778
4156796688805432
4158970741480872
4159013675327552
4161060545296770
4164257982795910
4164626260059102
4166704962718707
4167359131525267
4168906079798707
4170224014138025
4172460734455377
4172867904533997
4174188798383309
4174631776971149
4176913919444914
4178688768489138
4179943508856490
4181974004021346
4184462769753914
4187324128681919
4188616814096539
4189478015929139
4190248109462627
4191846472853553
4192963878178661
4194133010010478
4195202469478027
4197822682398651
4200866731296599
4201683953073087
4201743084663059
4202520649343369
4204177362287585
4205770837458849
4208958180374089
4210972300856729
4213903860892201
4216428472219333
4217448928973789
4219794065431069
4220767407741973
4221953197773812
4225029241618415
4225252770377660
4227077913194668
4227543250599058
4228819059780605
4231322828730464
4231770324088939
4234935121289090
4236144324924138
4237446787386978
4237947197923602
4238699532361806
4241422350557542
4241789286438494
4244765187062399
4246623533334041
4249426133039286
4250073354530560
4252015941423976
4252984310523560
4255634025537550
4257870384216612
4259554255899914
4259976127870514
4260746322405090
4261919045323434
4261974016139898
4263665420829722
4264398472143091
4265348660477627
4266924023942619
4269024018157839
4271946055102455
4273106249805601
4273595095957656
4274232640067133
4276380441105153
4278153572064257
4278775896411313
4281121811368246
4283328994477390
4285254082598990
4285302100445406
4285690437288655
4285839605649887
4289008906194077
4290023910048709
4292642155318059
4295606330264121
4296191092501192
4298268700141281
4300988395549113
4302132169678369
4304734067595577
4307308920118055
4307904630668167
4308876392168547
4311965822905218
4314397568077674
4316822128063764
4319097689042618
4320484142732674
4321931631935668
4322354291823468
4322734460485292
4323498322601380
4324146951060332
4325649621533427
4326067973762771
4328720782032498
4329745730702682
4329807889283797
4332543683606621
4333196276353985
4334460576199696
4336183895546216
4338788234336296
4340312681150856
4341787910852855
4342873734533255
4344135536269423
4344402087970905
4345698704165721
4348739771661745
4351913752665899
4352530581494323
4353979971408878
4356318355911134
4358349143430230
4358468967574607
4359252336739607
4359465510833623
4359659791237193
4361989731471753
4365124791959403
4368122473832684
4369149265502964
4369975183531588
4372368844252788
4372698524906060
4374026860524356
4376751276143937
4377429773541417
4380799890737247
4383009020778767
4384012656959919
4384726482920483
4386894138462688
4389791765204264
4391136552697408
4393695801887448
4396884841964168
4397350658421703
4399457864422648
4399687165973296
4401518315036446
4402598434983766
4404438203782617
4405086510998009
4405762869019529
4406069136350734
4407422536104886
4410275867510654
4411272891452074
4414127668165664
4417018024068159
4419901182579589
4420933304930549
4421812519699013
4421906333709193
4425241738133839
4426971295033575
4428087742635423
4428702432339159
4430362435587568
4433182605576256
4435641416368608
4438547299264152
4441530588338072
4441678253483122
4443727509663310
4444583888641940
4445701381773884
4446234313664654
4447097601567654
4447947820296386
4450971132306811
4452534306761947
4454090793636515
4457252660577291
4458729087261451
4459131219953181
4462298432350366
4463196214458158
4466170684729582
4467474788655646
4469284441346866
4469700423728136
4470098209775032
4471333702249888
4474346349293032
4474876594708008
4476990557792703
4477955808099243
4478923897526758
4479215733725808
4482151187164512
4485539894578721
4486457740188279
4488350116634020
4489797505395448
4491643587472288
4494169718458904
4496686344215495
4497299263979775
4498744201918407
4499271669275911
4502290064740391
4502806199924927
4502927379538394
4505029224476618
4507777075178706
4508378331541536
4511040958892890
4514477387030890
4516845838473658
4518980337454386
4522070083791030
4523309006437270
4523789409411717
4525658190953762
4526148970137194
4526672266727570
4529262897079770
4531913650958194
4534224778989104
4534844028492724
4537063523241099
4539429208335667
4540647948447407
4542563393534231
4543092041326307
4543726030924683
4544306834537763
4546879776508813
4548682608086388
4549737843490668
4551071025785673
4552783453784748
4553333629975818
4553546559001906
4554497265367002
4557470105512167
4559255782005689
4561768261456337
4562681476962285
4564771910890931
4566961984889595
4567641656984917
4570120790523301
4570486146498221
4572331034590709
4573235279475877
4575071208279233
4575086155512089
4578264407922889
4578872863988913
4581099922559417
4582330910564081
4583442517894794
4586606118587745
4588128864660081
4589941062388709
4590734300135701
4592063009072786
4594791735899986
4597059802722402
4597524064219002
4600404404067466
4602408578902394
4603373766018584
4604321366666888
4604426962590348
4607298943674188
4608755065298788
4610697879496503
4611246070116168
4611623495521112
4612286296756720
4613582478629420
4615618958309095
4616772388739610
4618153825905554
4618191621045493
4620028783499933
4621430835677141
4623171560378701
4624627046188650
4625776821596035
4626791680964139
4627352858204224
4629257487221144
4630240998650565
4633582696179680
4636963390242589
4640095342602004
4640224165341196
4641948730612236
4643856109838901
4645515833991807
4648055314993119
4648458842417914
4651352027629466
4652506849233236
4655235301768781
4655518612928189
4656035508157229
4658242032518365
4661097240643933
4661600354633617
4663352014272121
4666355509973641
4667148187921659
4668721185865891
4669238618018488
4670724414691343
4672831443176063
4673119219090207
4675342177135847
4677067101423295
4678956033817435
4680840066432603
4683414476821299
4685759156107743
4688054208978879
4691069757746975
4692195257455880
4694414943890512
4696728194692449
4698616727643081
4700576431288830
4703296135983470
4705496836309556
4706493955361454
4707860469222364
4708879490762204
4710438330524068
4712395110823168
4712656550931214
4715199972079306
4715838655071730
4717849743296778
4720268611276650
4721960121648190
4721986917022486
4722385723915359
4725488681992531
4725903081869823
4728749405196489
4730944153174335
4733950076989925
4734260920496557
4736051560150157
4737059721541775
4739138938149741
4741440495735037
4742420320299461
4744179442728521
4745739624426449
4746761452023505
4747676525883053
4750074533338405
4752313276154365
4753883448195438
4754130968494230
4756116417088810
4759194651067346
4762198691706042
4764663827733902
4765830609706910
4766523552767566
4769207221585286
4771516915271868
4772550653419468
4775830453522553
4776398761453272
4779495944904502
4781656241453286
4782994515901913
4783751199739453
4786760953959853
4788306694544988
4789975925211058
4793014057002414
4794253816311618
4794294141841746
4796791611427647
4799960352555277
4800790857144021
4801957257993813
4803013784396448
4804082574176480
4804370252971432
4806464347165162
4809309607334818
4810014293418861
4812815003111373
4813658248810965
4815336152030613
4815458659567368
4817084551226135
4818431171752441
4821277508668769
4821748363364838
4824613206700447
4826953017925487
4827100449202359
4829216011147559
4829784199331943
4830231412350179
4830564342125289
4831548810780865
4834852140186600
4837667832114588
4838548522131732
4840588243554065
4843350582491985
4845523894350905
4846197813709325
4846257287981541
4848500018678981
4851362987450006
4852573765201574
4854839081923742
4855378537747946
4858266127201673
4861660635853878
4864375621152686
4864992223861950
4868038611948560
4868398346522704
4871056070937680
4871464942723230
4873393729814814
4875526911781558
4877433022361450
4877826328594590
4879406210335254
4882145941357816
4884184766509584
4885194596581312
4885953532273952
4888077615223193
4891082088925575
4893334083621671
4896764208679450
4897669898976630
4900713169658183
4903292433852719
4904368921189204
4905749316960908
4908689861170332
4909718075774892
4909807849456321
4912441604524911
4914727500413623
4916734776316405
4917721951905281
4920019531644569
4920201844154124
4920535539096718
4921057940194710
4923633378685273
4923721800062548
4925974979080500
4928566064873948
4928593441758428
4931787610557368
4932685523638930
4934738134577362
4936215069354018
4938113953263412
4938605076448468
4939649319829084
4941535896254500
4943487281796835
4945021892871475
4946683802697361
4949195466252441
4950651310543313
4950887584107813
4952796187745229
4954597126901087
4955127009181871
4957724348381583
4959603439553398
4962735790564941
4965551139782108
4967682842674768
4969180740218008
4970068766454512
4970182305050122
4973317268087610
4973617450075724
4976363144008607
4977621235037740
4980234558321980
4982659792560012
4983714610241722
4984410649289249
4986964837240305
4988302750121649
4990471437675154
4991138985936258
4992384139046090
4993541279607031
4994812555979583
4996157568301583
4996884940256823
4999971643850407
5000402388891782
5003139094470462
5005947388134233
5007942618992623
5008506853996679
5008593227346735
5009996991758897
5010574765906570
5010818112967170
5013579363989590
5015852423292579
5017655435333290
5020029767069042
5020166017645888
5020918371993694
5021238057145901
5023616182058125
5024720228098858
5027291367342542
5028284477924627
5031125373539235
5033597628660459
5034585715234303
5035541476749418
5037465760309447
5039566137107472
5041616312866392
5044553786639664
5047183298382764
5049411615302932
5052496041931768
5054730327454024
5055749951298208
5058550759471656
5061241484346026
5063542006208650
5066201014616273
5068420785989323
5071384697305051
5071780463333497
5073774599149489
5075196810022881
5078555121931096
5079597960267176
5080842498027134
5083938933589739
5084144387150755
5084197284101459
5086962188565575
5089687871567152
5090508302302174
5093522527169382
5095115551743286
5096799640368270
5099837021201510
5100622987643646
5100699241008471
5103288647217823
5104110015264351
5106978822159957
5109549980694548
5111207474381892
5111751454286737
5113748934013315
5115545206252287
5116753711105031
5117343602328186
5120726319001841
5121969656871465
5123742381760444
5126810784645432
5129585631293280
5131121834750376
5131545539952057
5133899796029329
5135618979807945
5137421262638865
5140261006584572
5141191894394072
5142099680640144
5144819512504056
5147406530735601
5148868307021185
5149944857644617
5152953978193254
5155154501696998
5157850072357038
5159356520677270
5162538375228741
5163662596950381
5165630432986787
5168178618029636
5168893946940752
5171958403039656
5173884262130416
5174762563105341
5175548978181602
5178726939857057
5179876045199662
5180103518818302
5183254917216141
5183695070099115
5186523326682756
5187349363012496
5189710121242634
5190334019229306
5191190940760156
5194555167334173
5197243056480973
5200180179944677
5202811905977318
5204417906488574
5205802660299069
5207904678173965
5210328610428181
5212794680351505
5215478745780939
5216814886601184
5219896073296933
5222871336297037
5224405613918693
5226989314915237
5229332015895757
5231763263214051
5233580135177291
5235582683564459
5235599325870273
5237569355486449
5240018152222969
5241324163803715
5242234215230971
5243830287721071
5245067666596939
5247966893587323
5250463392855601
5252806542082862
5255581748649672
5256842688274397
5257166583379613
5257516870316293
5260311838218630
5263045167845174
5263563348747878
5265867920590310
5268019218124710
5269025412829836
5270704840998740
5271419290506796
5273225144327941
5273581029835541
5276306941297285
5276450259214121
5276628803062266
5279249100943594
5279504047295410
5282510168630362
5282865095155810
5285188196396625
5286172329850225
5288042790623301
5288044718602589
5290523699073301
5290939836991959
5291089803572543
5292287570875319
5293110045769274
5294839739168952
5298032785672752
5300277593399397
5300802359296658
5301303884398098
5303779945602970
5304513104660050
5305360261428195
5305437232174883
5307961273557998
5309246936768698
5312227735829402
5313124954972128
5315653619233228
5316987621138352
5318839637244488
5319513429101184
5319731037170872
5321983105618941
5325068396354277
5326114874492568
5329127846717360
5331167969001149
5332731099247797
5335668511369177
5335687060770761
5338530663452873
5340039165285121
5340667524155767
5343391158500609
5346303254801307
5346308816568571
5349102406226611
5350437791352659
5352752496571003
5353345425446773
5354738618527077
5357733206528509
5359436981602994
5361367884209954
5364000817290864
5366983420129988
5368411057406828
5368602435042109
5369584930024941
5372426853528069
5373112665112696
5374865576731888
5375038855497896
5375498476826444
5377519346398684
5380319967659453
5381499603033551
5384563405836872
5384715971708352
5385313737313128
5385608286872548
5388257043348820
5388560606451482
5389695557702898
5389816715627640
5392530873284195
5393530954269099
5396276722109464
5397026923546360
5398034103698517
5398523400001177
5400408674176937
5402137642482105
5403199245774079
5404742808982927
5405434187058417
5407714259421105
5408313449273065
5410205394440159
5411658942936919
5414730814816103
5415449177177583
5416941288996281
5418261548103036
5418700237552662
5421900827118415
5423615342622500
5424723906354978
5426828986948386
5428255469957744
5429675850354116
5430642549315380
5433502005622092
5434999224997588
5436907244707424
5439148180995018
5441808461502618
5444575470157525
5444611237438470
5445338793763915
5448145405496877
5450074286076703
5452952250317631
5454178979105043
5456030907490173
5458865824724845
5459164624990895
5460386610789040
5461046857460168
5462813127835172
5463186787041016
5465601953968936
5466810582667301
5467850606885181
5467960298969117
5468008433930917
5468868219196959
5469301712832085
5472062744922059
5473786763386247
5474258525340207
5474791497092279
5476354311763314
5479638950566089
5479877236059929
5482521472365142
5483186198429507
5485400006334724
5487598833518603
5488947067538702
5491203174957872
5492689907152826
5495822357624154
5496476412812916
5496968251073511
5497529914840182
5497791389165406
5499100619377696
5502412736232811
5502820938411763
5504240376289333
5506115909903479
5506615387372347
5508736178406336
5509644822453992
5512948254850597
5515487506533082
5516032418203814
5518936939161669
5522048417133469
5525075775336861
5526062007749631
5527161778106071
5528577636263516
5529256361077222
5529486046853526
5532051743768401
5534135644224433
5537213163641809
5538095995923937
5539007247476710
5539577283289750
5541109959928025
5542743059673217
5543776765101566
5547177110123211
5547380800606035
5548901370816691
5552086768773596
5552235889628236
5553438946227981
5556153069753541
5556423252021360
5558942865603431
5560520631013367
5561467021607511
5561550358223896
5562655767160881
5563623826698489
5563624519789404
5565149725999228
5567946426326740
5571009282325508
5572782078677484
5574468394518199
5576965157515479
5576972976248871
5579912985005425
5580037101681665
5581185780004866
5583808031601419
5585278318654251
5587477517816099
5590617844094089
5592944500352321
5595956048466401
5598986318327681
5600355854062009
5602980851166354
5603088661253778
5605576168339258
5607661758655848
5610160534828645
5610470264469733
5612356563496818
5613663018711754
5613907695807607
5616122685361910
5619272016306710
5621908577886340
5623833177647107
5623919320362260
5625416978507375
5627550763889820
5629210655517140
5631369649570675
5632602593901315
5633758907618395
5636037156873765
5637088048222285
5638569721280691
5639028572290065
5640264210247185
5641547349902601
5643412241073201
5644569899675571
5644808300480011
5645657061301751
5648410198989357
5651810062119977
5652636957547393
5654252843381169
5654380434080861
5655211301060237
5655359068268005
5656522992138510
5657851704982742
5658301034650012
5659560211514537
5660332402703407
5662802493449967
5663110820403575
5666160371237175
5669272224896925
5669330505580989
5671133588285565
5673363316951785
5673576688457609
5676170170707445
5678147354274309
5678284190185269
5681092365544874
5682579072766514
5683043350117754
5685910674810546
5687074116332562
5688287762503647
5690355692223712
5690633645527084
5692142644328820
5692419829348804
5693257711503972
5696252800377484
5699490968691604
5699805033774652
5700861438044342
5701636733769734
5703714985626078
5706394211154123
5706545495574299
5709359602569619
5710584005908459
5712099992866555
5712693865592747
5715615339158619
5716663346144355
5717492127082725
5719832541036781
5722690931429071
5723052508038036
5725173262274707
5725657284630987
5728870177129147
5728891878296963
5731635968536172
5732317953903948
5732469911384380
5732819182122901
5732873882863629
5734051815062405
5736037903915780
5738780610167244
5738799035625068
5741763738295700
5742225732938252
5744565807228972
5746340308442738
5747906055774442
5750923120166039
5751918343848789
5754940706503293
5757830571252797
5757989415810759
5759667717687388
5762480781405028
5765102841405612
5767521981123332
5768469066588482
5769098082370434
5769101039769874
5772358146323894
5772545798746786
5774950755179069
5776675597243685
5779141058754613
5782369460813365
5784004393329757
5785182558160253
5785829083485798
5787399487524705
5790614271702553
5792450046498505
5794362629569926
5796988368038750
5799096787087846
5799400987939838
5799416130590518
5801241080293028
5803778344121492
5804778180658202
5805313432627663
5806881904691804
5808836080590164
5808934979664812
5809995000569972
5813150166349028
5813876013329372
5814615944497898
5815193423342778
5816289962032981
5818408938983333
5820806318121973
5823918796684517
5827104105985647
5828135053068461
5828421101879468
5831478069757628
5832158335954379
5833974954419129
5835721856417169
5835979073594737
5836208130462865
5837754054451155
5840108102521363
5840931861118419
5841493528396747
5841984049711867
5844769211695757
5845229217742234
5847373842987967
5849820444816023
5851469799716111
5854669670910322
5856625793039816
5858232560366552
5859771357468616
5861941824843884
5865280204168183
5866990487866919
5867853634918717
5868119775614945
5870930635685449
5871593566967137
5873207973535904
5875035976375690
5877230783446562
5878887357411722
5880823555619906
5881943545474930
5882268210005778
5884726724714098
5885084654837346
5885894924719818
5887019758719530
5887124087648770
5888831096974018
5891182193531522
5893036752614877
5893194236215669
5893603918535413
5893833248208643
5896356542196088
5898119809370272
5898868398943440
5901223802372096
5902562054691144
5905305107032390
5906173203327662
5909153052136605
5910287553946785
5911375742783387
5914396373604603
5916276772671269
5916744179789621
5917596098341215
5917839811073775
5920036001566231
5922569824316959
5923234380483349
5924307954461749
5925411516199255
5927417594030770
5927794790752554
5928915491925189
5929852668969941
5930571196699477
5932747458176427
5935184930401843
5937205373016803
5940400694868779
5943508343127107
5946631797999299
5947355929226844
5949794890284389
5951707620911509
5951835200100864
5955013736359456
5956416545840881
5959370932496585
5960811766230161
5961865539732151
5961896605017695
5964132406847628
5966501161433574
5968786733586518
5969604437046302
5972659550882912
5975432521759640
5976186209744440
5976472593982030
5978404807244908
5979992163959918
5982610865146863
5983498801484399
5986088899749549
5986168666199789
5988299369122109
5988853456644394
5989817085934044
5990985133073924
5993737504543039
5996939994597287
5999260653854192
6000400420082716
6001574405661223
6001639988096119
6003641776416035
6005089120192140
6005891685361370
6006928230103050
6009418100119650
6012783466466080
6014349756114552
6017473900819827
6019515662166619
6020140067415051
6022210451256896
6024769717097552
6025110772736832
6026938032577062
6029551345004486
6032656832614924
6035271679100219
6036336858629795
6037127306220883
6038818091518869
6040414622762757
6043414957731533
6044465660758141
6047312662694021
6050710239871026
6051665307220650
6052658450349746
6055002173951306
6056234891056034
6056276409551195
6057344976607587
6058643884244075
6060656753259427
6061095806298632
6061724844197648
6063653852570704
6065385899486056
6067849251835200
6068387710120728
6070305554316712
6073442063743624
6075117020146665
6076854042796313
6078787557404617
6082021105572577
6082506944092105
6085297149166617
6088292010340097
6089525703323117
6089671831117797
6092935718258131
6093498987059811
6093563642084256
6094649348901736
6097325612918459
6097663575680499
6100050969739891
6100600896788083
6101777574561083
6101937519075867
6102053280977459
6103647053618875
6105708667971515
6107144343342820
6110425197637415
6112874197335047
6114593778058567
6116993542392359
6117422959228471
6118367482207721
6119221789839177
6119984486668545
6120862493236665
6121455727229433
6124096603903693
6126368167011893
6128339663056585
6131203515534830
6132018885344374
6134270808530510
6136210142274632
6137965996776104
6139003232408096
6142008695496416
6143569774963560
6145542057171680
6147782506531993
6150510264867083
6151060313274565
6151299198523901
6152022027381005
6152781031319896
6153061220462392
6154533029849200
6156373587937236
6158894541409651
6159717004540579
6160866112459744
6163305630869976
6164875049075352
6167107061706176
6167500374871211
6167953955218706
6170803054562994
6173595035781842
6175676125907682
6176996209866314
6177294588276030
6178149055746590
6180422157157358
6182887678985763
6185856991117343
6188397508410535
6190490020875919
6192959232497842
6195884724690793
6198921692880213
6201006370684637
6202073888923717
6203016226074527
6203262938080782
6203285726917910
6205557153887806
6208615657399182
6210802576600966
6212287682855741
6213910297572966
6214064319597991
6214146664068183
6215037514921372
6218021130852948
6220030293351159
6223111959100111
6224166240403407
6227135626200422
6227749578880251
6230431300933011
6231387514816259
6234083856071115
6234630637024707
6235624694021365
6238289123014741
6238975245545296
6241979534240736
6242738803585911
6245826499369894
6248083026976974
6251355160788019
6253572716856037
6255244531175661
6256177521676885
6258551537457832
6259088883547744
6260268754213179
6263488675257339
6265800188019743
6266003875887287
6267933290141222
6268756669982180
6270398642475012
6271253954107332
6273723303848804
6274093799971956
6274423418648220
6276753172662908
6279225660164623
6280117580824831
6283038321941586
6284466360792106
6285281270967826
6288220955929570
6290555474508413
6291745003678968
6292165419356733
6294779375025093
6297166148332229
6300097846352322
6301440363401938
6303792494705358
6306490534779438
6307475047438733
6308181937956853
6309122258296381
6310131881487331
6313143784683307
6313908578551867
6314681956396887
6316666236401999
6319260759396415
6320737387522007
6322208522401161
6322923215099489
6325763316456465
6326614120094753
6327499562355025
6329464523994441
6331083355536025
6332095814467135
6335003774769711
6338050181488055
6339838210428055
6342416953940855
6343271583497895
6345418464908129
6347410979563619
6349719600086899
6350202636518139
6352594086522994
6355043724801389
6355496164169757
6355530403792185
6358892945448010
6360511581479466
6360712299732466
6361865924662506
6364732830422714
6367121094293466
6368949541548370
6372158127988795
6375285502401635
6377780892018531
6378725400985379
6379987817076783
6383355114180151
6384044255982607
6385362856428792
6387370943922592
6389402454510200
6391794804979304
6391980329977748
6394557692571428
6396955903550954
6398050924878466
6398751784699362
6401518822473852
6404133818710844
6404317985501729
6407101085363025
6407746749730289
6410783785355979
6412351204615675
6413137258840190
6414194712210558
6415478815964203
6417443626116420
6418464562537836
6419195948635068
6421736151661764
6424412876337212
6424897740544682
6426243524939506
6429614261105406
6431834262496670
6432699730850915
6436075718602854
6437035393809182
6438540215372537
6441692292776705
6443912670632385
6445107807950945
6445263522333209
6445422253783284
6448747284474463
6450854479767895
6451312827102241
6453671061558833
6455542941398593
6455769864144257
6455887204937671
6456582719469823
6457698154487095
6459606251663937
6462285455173561
6462970937274953
6464611747564423
6467363972816559
6468492840796453
6471246476320447
6473979624895435
6474809810789741
6477215356430733
6480395351235753
6482364289508528
6483014483786896
6485994327356786
6486274930580392
6486296821417544
6488111098820559
6489428101074933
6491435337279423
6494100800359199
6495133480014463
6497224100331524
6497301334457420
6498271719209708
6500653446416180
6503666398754804
6503740213097569
6506064613946889
6506849168747920
6510158543192271
6512554215212075
6514515261331195
6517905846142215
6520565578584559
6522514031941509
6524656325708639
6524852435612647
6526618846404671
6529272781191361
6529525059884425
6530361208616625
6530989937753653
6533289834890953
6534846474274758
6537145962260790
6538531700998254
6538727646871949
6541658885971541
6543209331559681
6546414566358580
6547230262498660
6547836710162860
6548748539196736
6549195199406536
6551400481949230
6551866559607660
6555008815030364
6556595752523604
6559884354756519
6562392488914319
6563022555629179
6563658452802531
6565109386884026
6567906892264456
6570992636404112
6571517335169168
6572706819590403
6574653900216883
6576287555452675
6578927607830387
6579425181489866
6581697833736896
6584101617633641
6586221366840281
6588822874850206
6590503983116669
6591008605540771
6591735965493177
6594188227434673
6596383696186769
6597410813698153
6600224457973521
6602657173912273
6604008357971443
6604341956201339
6606696540866337
6609566660062105
6610232006616409
6610894397685879
6611715631702669
6614791340895021
6614944148911041
6615832525255381
6617452945492389
6618989754729144
6621241900848369
6622191469597203
6622715605471955
6623365923657695
6623885768971520
6626580196031152
6627714288137448
6628798227025623
6629840153303113
6632307300505585
6634378909066145
6635125453299063
6635988338720727
6638687231032997
6641823091137165
6644413873499806
6646772936000198
6648410294137193
6651177466677077
6653833544516893
6655420821125853
6657433525170008
6660004076953663
6661863802022575
6664779012517225
6667896495202673
6670729950993241
6671063138248410
6673226251674235
6673838940462723
6676853750660363
6676963704533827
6677252923696752
6677725080693917
6678597960849109
6680687675648515
6683863305802843
6686434809107827
6688170901594761
6690958844063723
6692910072801195
6693824764129019
6695878157523331
6697481083957606
6697625185362550
6700213748067182
6702128182724042
6702315725316651
6702608576058563
6703098558936828
6703231728896996
6704654846931348
6706349116606140
6708315884963028
6710633128900332
6711131985988897
6712950118470202
6715792201626880
6718333441138356
6720457223881084
6723062601194249
6723848823523585
6727112013533984
6730228751797716
6731870823322484
6734940929703060
6738148736199074
6739436743729140
6740118607295095
6741616065430271
6741718470610823
6743273708804508
6743876454929596
6745375388595492
6748306972799700
6749503093132460
6749791124364596
6750366221937586
6752093989219002
6754074482749938
6755222333565094
6755830316111756
6757574964769002
6758357301510178
6760877195920626
6762071678965821
6765292976006221
6767838019267085
6769038428354875
6770327843718362
6771698185358914
6771868075015454
6773304112157775
6776213318822231
6778287711062371
6779370249189883
6782212366474355
6784712961053299
6786438367813755
6787095773892370
6788174956154122
6789237763383722
6791268956443750
6791840777795622
6793345493900196
6795505771262726
6795647530274190
6798614328124742
6800232729116454
6802716765662825
6803033622625487
6804854228577832
6806842104305776
6808943885931181
6809087720085277
6810216749758181
6811998646213183
6813386698222215
6816203589977935
6817654157816423
6818102506630471
6820186303931655
6822899454948743
6823197677744045
6824824139925997
6825616605990189
6827870276378229
6828715243279744
6829638812598283
6831839417678251
6833848659385707
6834539812451299
6834951840164403
6835924657550003
6838105454310398
6838941013007454
6840080190011716
6842023448344940
6844455322135275
6847339113686691
6848883035255563
6851590558456411
6852257454076626
6852597309031080
6852712077208624
6853398438819492
6854948615273498
6857812116577870
6859046148118568
6859996213334814
6860226883348670
6862236610163087
6864546111560823
6865050218272671
6866220335114472
6868667876895074
6869427348519372
6870970043403980
6872915622522100
6874575966480044
6877838117910742
6880860143318456
6883571563231680
6884223799523860
6886220514087980
6889247232875924
6889266916198686
6890319139313206
6892054086844240
6894359593383836
6897565675114924
6900475572934868
6902004197203932
6903340543260772
6904761216980268
6907964502456908
6910874371836964
6913309851495724
6913742465964812
6914265955279052
6914422217433727
6916040990710975
6919213999216327
6921805360387751
6922075128114891
6923711226545259
6926272624587869
6928658665096277
6928994543332982
6932316302358017
6932474479712721
6935113539100025
6937302708196425
6940594351371696
6943594614666186
6944909341124367
6948066619918627
6949932221981072
6951925083678800
6952039407440418
6954899503460952
6955286481647872
6955961578180852
6956668120882116
6957942178025484
6959792313144954
6960796825337218
6962182172613418
6965223500624602
6967951402042704
6968118805248872
6969973832004448
6973284944331403
6974883257129667
6977743932963499
6978783155623699
6981178010608595
6981357548733086
6981454091491734
6984460372945184
6986817529532072
6988596613027081
6988981923868931
6990587222515955
6992112978781056
6992732787761396
6995677531823332
6996367001694716
6997957635757306
6998221319942850
6998785971436740
6999979769626492
7002442653907180
7004315379170644
7006337805444716
7007471070245644
7008963355845084
7011512815878776
7013314703354240
7016676583175705
7017689037752825
7017886599302601
7018784180265241
7019065161420417
7020408933023321
7022473459112738
7025451890365561
7025668439186236
7026027777812116
7027350300193839
7027988433791094
7028574096666206
7029831259013598
7033016849392062
7036238302290146
7037397031400201
7039294493062801
7039940939526985
7041509180943540
7044173537375276
7046923852455708
7049434287422242
7050084070486290
7051406570948596
7052666368037092
7054588773542450
7055275094339802
7057658293164364
7059641866674660
7059750731435236
7062383924775084
7065538829337956
7068075799900621
7068139874055501
7069316154551117
7072123121392109
7072389589758589
7074938124705421
7076577589765477
7079536908321333
7081279380281205
7083343373387257
7084603832129022
7086671057258552
7087547550151280
7090090744373288
7091294755026128
7092322040563850
7092940214171735
7094548032099990
7097305221072165
7099103338108709
7100852251860389
7101328948227669
7101938727635517
7104719043944067
7106612648525059
7109253600396914
7109432272690762
7110597941796209
7113363966955241
7116058638189721
7118417408742817
7121100963914532
7123206176748804
7125119632602380
7126537057454500
7128410824120675
7131566964743629
7132905190105245
7135996899375517
7136419325635872
7137976678395680
7140193533035295
7141345216387847
7141959512871415
7142708688907419
7143870620459574
7146331895343102
7149493414923414
7151278499144939
7152341525217067
7153624649151852
7154840252253988
7157102178678016
7158286092157941
7160277458920597
7162706047537269
7164780713515813
7167405216798149
7169223492065538
7169961846991198
7170436739569094
7172237291980014
7173151884113486
7175305504713934
7176474181720904
7177206469125672
7179997412921516
7182323797382436
7185067267335639
7185922027420791
7189076872970196
7192266125979588
7195070792193580
7195640488192916
7197396858140405
7198435801832277
7201158066718057
7202924978879769
7203956142108257
7205363246357708
7205850355653638
7207532664058142
7209839655446590
7210616920790630
7213597772701646
7216443635359813
7218145880518565
7218631324760837
7218989333255309
7219541237697813
7222906601683698
7222999586133402
7224048896108722
7224769558060578
7226090170306579
7227707547174554
7227950105979506
7230345608806842
7230377093277698
7233179032599286
7235838983186750
7236662743363446
7236976962333072
7239522921746387
7240986002665651
7241373162819651
7244329953582621
7244611617976425
7246939516954177
7248638339338887
7249034939479375
7252033957354887
7253525192594832
7254132047519664
7254249648784656
7255863345313248
7257794381971256
7259031838719806
7259423891876704
7261890350321689
7262554597728989
7264170791345658
7267333324049546
7269088215182926
7271633947057270
7273722318785726
7273914591948502
7275675135324222
7277821761850598
7280055112827948
7282023104442816
7282079629061406
7282579070006046
7284538632943543
7284944122921809
7286018769785497
7286283392723233
7286441564035268
7287742896995252
7290715807786884
7291055873609146
7291928261630817
7293687112884209
7294395734284014
7294966742745326
7297063386851201
7297323119225593
7300236484680352
7300910168296562
7303076088599874
7303705896016826
7306438033243711
7307013774506542
7307181162538958
7309349386112072
7310436806685304
7310549642874240
7312966565945506
7313576684903874
7314280039973709
7317210611537582
7319083068405542
7321197021496957
7323630444463837
7326624509393885
7327332612202633
7329525597807905
7330435978678393
7332734124106939
7333255918861407
7336239724996442
7336295809978594
7338927275443970
7340321447554800
7343050838384870
7344579237179763
7346203821076358
7347050262704518
7348733720378902
7348960421780184
7351806233768792
7353325107275592
7355009093138987
7356756385393928
7359287876992103
7362058508798295
7364681132396283
7365177202636443
7367943156478555
7369858255604859
7373018563043017
7376329165267285
7378047871254280
7378346041034375
7380733892702794
7382510388004242
7382823458897705
7383948861525953
7385883002644115
7388340305589091
7389497475731203
7392032279286003
7392426111870531
7395522974970539
7396115933412824
7398987515237264
7400561447508224
7402243380933602
7403597857988250
7405206086697554
7407871180019269
7409701401997205
7412577654970298
7413886331175002
7414040705581843
7415545039183319
7418542505731143
7419355359022626
7422741406599791
7425223952176047
7427305550503655
7430143486170561
7433048154693577
7436310893208518
7438279932281156
7439255567613156
7441701299511051
7442273046053333
7442360688688988
7443781539613778
7444351306306231
7445852898737873
7447954785121677
7448203860706973
7450543764805452
7453548121909552
7455471260950144
7456360841457184
7457671932770408
7460176885140390
7460790569204515
7463021542223563
7464530009374235
7467715352917045
7470228540406037
7470528999223101
7471876232258417
7472420979226641
7475425068104433
7478200796597333
7479589164024385
7480808104722250
7482710508592282
7484059747984650
7485854244678218
7487663359894549
7489399686607933
7489493504668698
7489791840603698
7492854118979333
7494416476466518
7495293377809574
7498109726729894
7498559887935583
7500884901008263
7502753030971797
7503226450541949
7503742846531437
7505134826070455
7507705111536975
7510076431577815
7510222033164751
7512870934348630
7515535211581620
7517025917769618
7519704787379778
7520986160451010
7523020629672202
7525884594034178
7528142665468454
7530435949820590
7531012449400710
7534095496690366
7536510912437831
7536575756013215
7537560352417769
7540525951148049
7543329072218721
7545814055340971
7546682938461179
7547908817297019
7550848588677499
7553643836319295
7553703069716775
7555750598856082
7558836375440594
7560538910999329
7562655199425831
7565992211169206
7569262026373961
7570183221186233
7570329173182904
7572336223229131
7573446895000483
7576449325964158
7579133138761198
7582448554627143
7582473428020468
7583339299963692
7586658128643502
7588282094665772
7588879078981752
7591575109776521
7593298486742790
7593644406997734
7594874901611878
7595943103099270
7597461662913475
7600044157449855
7600958039898223
7602359336905132
7604874634210130
7607561015873642
7608913920786050
7609848229923417
7611612762924157
7612854088730677
7615835684956777
7615969596458322
7618749150898747
7621877898096962
7624016180658153
7626220868184811
7627650503684283
7629517455730046
7630661582537715
7630899675105939
7634029422823843
7635781677944888
7638687788911184
7641916255823752
7644670673157397
7646207125359642
7646569158652090
7648242310524140
7650213217764780
7650302010556195
7653064685918245
7654723448364417
7656074498010037
7656310749933405
7659064187770973
7660906031618498
7662715888400818
7664162614703810
7665138077759190
7667542437745046
7668074536491014
7669326352912419
7669496155281756
7670702314170361
7670848828470136
7673881637522152
7676481383481677
7677980529128837
7680362421121075
7681319879447305
7684479529845977
7687142658301657
7689938107504766
7690220126259462
7693146235562298
7695931776807986
7696665485473850
7697125645780830
7699174534342648
7700891361010424
7703961305030699
7705573351012850
7706812250321562
7709534615661347
7711274895283275
7711966679097995
7713466205229547
7714747650051755
7715687751519289
7715738193342561
7719104035747732
7721192438281697
7722900120305017
7723485338336385
7724120803468139
7725780429670179
7726772752911832
7729302971443222
7731108510259806
7734210448351678
7735090513228612
7735385479066164
7737774431503808
7738909236227752
7739869465996512
7742469767887347
7745501629413163
7746280049928127
7748191744376159
7750909459058095
7752720721836805
7755830921445955
7757479421718691
7758942461276819
7760349963115737
7760869696643513
7762854229658923
7763637272971835
7764590992508707
7766813375325031
7769440168141423
7771561492064559
7772334281426629
7773901271299049
7777018026475137
7780049195356592
7781819269530280
7784091698320803
7786516288789715
7788044136519515
7788948960916307
7789267029582795
7791097158067035
7792313443125617
7794850538484292
7795372251855948
7798448552571568
7799590166752558
7802509669101392
7802932961562357
7805055675573477
7806877955058361
7809715623712266
7811714563592498
7812344396268975
7812729612295615
7815619589332935
7815944938441275
7818147451188523
7818461376164355
7820899717958210
7822217817216746
7822962527950202
7824709339183514
7825915331182930
7827580194109108
7828084876622132
7829716389287867
7829822968353867
7829967254023235
7831212538917539
7833752966636487
7834886604576335
7836403477324639
7837793761836959
7839453070969631
7839936770569591
7841849123666641
7844115976427443
7844356922206308
7845760781880444
7848924007205206
7848997469108650
7851965379577010
7852484700200905
7852978366613457
7853722117631237
7856630262382845
7857583839074275
7860517850267740
7862669413655215
7863098333040065
7863523994611140
7864273753298699
7866059594862179
7866233371467354
7869581945107909
7872545289666821
7873877479564251
7875138889582978
7876483508821698
7878120690675394
7878866347585200
7880364098021504
7881444154053775
7884498853849322
7884540188436898
7886158443289838
7887712012597108
7889839183397165
7892898299501544
7893811276129897
7896143206961753
7899017104639743
7901708234959455
7902820461966826
7905529964918779
7907379341268346
7910643595699586
7913488082961698
7915173221599610
7917722551487897
7919167270768609
7920962261725073
7921690245953343
7924328348117343
7924548601980693
7926870084655096
7927270315840080
7929213375791496
7931330271876316
7932841633769356
7936035800533386
7938449353351514
7938945212977874
7939512180734876
7939996903091626
7940383586249322
7940675363085717
7941890310511517
7944197935298644
7947145637008592
7948235152585200
7950206373733200
7950458298817249
7950793247541841
7953507426696583
7955051543724303
7956698377586775
7959713880721681
7961391655197011
7963270920555228
7965255676728092
7966399224329432
7968578249313664
7970794199662419
7973179221073189
7976240806599741
7978677004678891
7981112820146155
7981772013972636
7982372168468836
7984936300837900
7987587213900592
7988338857479800
7989066352922408
7990879147047393
7991851767843569
7993970200641329
7994723659527949
7995850020435813
7996363108983818
7998077485329098
7998885009883234
8001942782770778
8003080943186130
8006190531482490
8006610120101131
8008641643104699
8010263258760555
8012004827871725
8013253698120045
8014402114966149
8016618234138711
8016961715275839
8017025845529903
8019373757384031
8019483704298742
8021368629011017
8024336415223025
8024942097769113
8026933772471053
8029294103956581
8030787489285445
8032439328352489
8034283942067553
8035786564699947
8038897354800992
8041639660694112
8041730011564337
8043957232189897
8046886180104217
8047704278207897
8049060480839673
8049192472600817
8051976802150397
8053739359142733
8056055639610885
8058844909505173
8061277994947093
8062099315677565
8062869228226660
8064795713342214
8067944303188928
8070565838936070
8071856341207670
8073322815827720
8075238460153318
8076930660313886
8077087818378078
8077212206205292
8079024151458472
8080395204663478
8081545748004006
8083489135578214
8085050737392854
8085093046464526
8087658940949748
8087844415933286
8087900138299523
8090065797760598
8090551113112398
8091346003213376
8092713922123285
8095542990720117
8096464466439101
8098069811436801
8100879637818737
8102744350788405
8105511105649645
8107423025241597
8107601857751882
8108856264394122
8111653718440432
8114301509187222
8114974189144847
8116797523871767
8118163851283889
8118829422665097
8120704461563105
8121913980482299
8124650112125404
8126214270423689
8128657893786571
8129571529706331
8131829612917616
8132023059158944
8134207192398556
8135931639335076
8138915966158930
8140722680144633
8141259919860228
8142236815362332
8143686188585553
8145985450079353
8146220099985910
8149072186262725
8152294243794528
8154649499088240
8155045175937390
8156148871562158
8156717454284606
8159294047495226
8161840467567682
8164189018314202
8166541984623742
8167112347849247
8168105777679695
8170300004926163
8171051645659703
8173588499912713
8175303351508138
8176992500431786
8177033164531946
8177936170779482
8177954123943037
8178560635188013
8180966853320053
8181407667361818
8183701547356268
8186345291904820
8187275476069268
8189713699090292
8189985264001620
8192060166887656
8193512080160851
8193762882297595
8194939756408739
8197499937298794
8199567938929969
8200451308527739
8203359698866284
8203754028563573
8204420371684101
8204998923719569
8205600409515854
8206814030835726
