100 10
797876882 1 2
618451924 6 5
601900332 -5 8
474796333 -5 10
279372279 4 1
377953681 0 9
949490684 3 9
-988050512 5 3
940659045 6 7
-518782412 1 6
-898782055 3 3
413889931 -1 10
650999666 -4 1
-685217115 1 3
161773929 5 10
3756469 -1 9
-848184480 1 10
-601896570 6 6
-102918927 -6 6
-470043664 -1 10
463283903 6 2
80213174 -6 4
-192292654 -1 1
751747325 6 1
838850008 -6 10
233021304 1 5
401654641 -2 9
-601260882 4 2
-284409784 -4 8
680678071 1 6
-634566339 6 8
-513082413 1 1
-342807833 4 2
262655331 4 3
224917442 -5 9
-274249155 3 6
-977355560 2 5
-726111296 -5 4
167543552 -4 6
190388326 -2 8
17558103 -5 8
558532288 -5 2
965011936 -3 5
559916883 4 7
896368442 -3 6
-245421477 4 2
390705721 6 4
-962908403 6 4
382495537 3 8
-905199705 -5 3
-831361734 2 4
-433088048 3 7
859869020 6 1
-234824966 0 7
320809147 -4 8
160866991 1 6
563050740 -4 5
105152859 0 6
-202570444 -5 6
-989373648 3 2
-145482317 3 5
904835780 0 5
-520444403 5 9
-360592832 3 9
726495223 -1 10
712335867 2 5
36246205 3 8
-408800225 5 5
-98941400 -2 4
-589714313 1 7
-301559697 -3 9
-902510980 -5 7
326049598 -3 3
-646324784 0 6
-220673303 5 10
788059618 3 10
-524317559 -1 2
81894292 5 3
726057133 -3 1
826928892 5 1
-336458199 -3 7
-973937719 -6 1
-369767826 3 1
-143597922 1 6
-437996434 6 4
728429057 5 2
-545332969 6 4
821698849 0 8
-704062558 5 3
873835311 -5 7
-248477301 -5 5
125553121 -2 5
-160122014 -2 10
903923543 -6 6
351966364 0 4
626641293 -2 2
996679776 -6 6
142993097 6 2
-599897745 6 3
-252353614 -4 7
